4.418262150220913023e-03
8.836524300441826046e-03
1.472754050073637674e-02
2.209131075110456685e-02
3.092783505154639290e-02
4.123711340206185488e-02
5.301914580265095628e-02
6.627393225331369708e-02
8.100147275405007730e-02
9.720176730486008998e-02
1.148748159057437351e-01
1.340206185567010266e-01
1.546391752577319645e-01
1.767304860088365348e-01
3.564875491480996167e-02
4.010484927916120601e-02
4.482306684141546677e-02
4.980340760157273700e-02
5.504587155963303058e-02
6.055045871559633364e-02
6.631716906946265311e-02
7.234600262123197512e-02
7.863695937090432742e-02
8.519003931847968225e-02
9.200524246395805350e-02
9.908256880733945504e-02
1.064220183486238591e-01
1.140235910878112657e-01
