4.000000000000000000e+00
9.000000000000000000e+00
1.400000000000000000e+01
1.900000000000000000e+01
2.400000000000000000e+01
2.900000000000000000e+01
3.400000000000000000e+01
3.900000000000000000e+01
4.400000000000000000e+01
4.900000000000000000e+01
5.400000000000000000e+01
5.900000000000000000e+01
6.400000000000000000e+01
6.900000000000000000e+01
7.800000000000000000e+01
8.700000000000000000e+01
9.600000000000000000e+01
1.050000000000000000e+02
1.140000000000000000e+02
1.230000000000000000e+02
1.320000000000000000e+02
1.410000000000000000e+02
1.500000000000000000e+02
1.590000000000000000e+02
1.680000000000000000e+02
1.770000000000000000e+02
1.860000000000000000e+02
1.950000000000000000e+02
2.040000000000000000e+02
2.130000000000000000e+02
2.220000000000000000e+02
2.310000000000000000e+02
2.400000000000000000e+02
2.490000000000000000e+02
2.580000000000000000e+02
2.670000000000000000e+02
2.760000000000000000e+02
2.850000000000000000e+02
2.940000000000000000e+02
3.030000000000000000e+02
3.120000000000000000e+02
3.210000000000000000e+02
3.300000000000000000e+02
3.390000000000000000e+02
3.480000000000000000e+02
3.570000000000000000e+02
3.660000000000000000e+02
3.750000000000000000e+02
3.840000000000000000e+02
3.930000000000000000e+02
4.020000000000000000e+02
4.110000000000000000e+02
4.200000000000000000e+02
4.290000000000000000e+02
4.380000000000000000e+02
4.470000000000000000e+02
4.560000000000000000e+02
4.650000000000000000e+02
4.740000000000000000e+02
4.830000000000000000e+02
4.920000000000000000e+02
5.010000000000000000e+02
5.100000000000000000e+02
5.190000000000000000e+02
5.280000000000000000e+02
5.370000000000000000e+02
5.460000000000000000e+02
5.550000000000000000e+02
5.640000000000000000e+02
5.730000000000000000e+02
5.820000000000000000e+02
5.910000000000000000e+02
6.000000000000000000e+02
6.090000000000000000e+02
6.180000000000000000e+02
6.270000000000000000e+02
6.360000000000000000e+02
6.450000000000000000e+02
6.540000000000000000e+02
6.630000000000000000e+02
6.720000000000000000e+02
6.810000000000000000e+02
6.900000000000000000e+02
6.990000000000000000e+02
7.080000000000000000e+02
7.170000000000000000e+02
7.260000000000000000e+02
7.350000000000000000e+02
7.440000000000000000e+02
7.530000000000000000e+02
7.620000000000000000e+02
7.710000000000000000e+02
7.800000000000000000e+02
7.890000000000000000e+02
7.980000000000000000e+02
8.070000000000000000e+02
8.160000000000000000e+02
8.250000000000000000e+02
8.340000000000000000e+02
8.430000000000000000e+02
8.520000000000000000e+02
8.610000000000000000e+02
8.700000000000000000e+02
8.790000000000000000e+02
8.880000000000000000e+02
8.970000000000000000e+02
9.060000000000000000e+02
9.150000000000000000e+02
9.240000000000000000e+02
9.330000000000000000e+02
9.420000000000000000e+02
9.510000000000000000e+02
9.600000000000000000e+02
9.690000000000000000e+02
9.780000000000000000e+02
9.870000000000000000e+02
9.960000000000000000e+02
1.005000000000000000e+03
1.014000000000000000e+03
1.023000000000000000e+03
1.032000000000000000e+03
1.041000000000000000e+03
1.050000000000000000e+03
1.059000000000000000e+03
1.068000000000000000e+03
1.077000000000000000e+03
1.086000000000000000e+03
1.095000000000000000e+03
1.104000000000000000e+03
1.113000000000000000e+03
1.122000000000000000e+03
1.131000000000000000e+03
1.140000000000000000e+03
1.149000000000000000e+03
1.158000000000000000e+03
1.167000000000000000e+03
1.176000000000000000e+03
1.185000000000000000e+03
1.194000000000000000e+03
1.203000000000000000e+03
1.212000000000000000e+03
1.221000000000000000e+03
1.230000000000000000e+03
1.239000000000000000e+03
1.248000000000000000e+03
1.257000000000000000e+03
1.266000000000000000e+03
1.275000000000000000e+03
1.284000000000000000e+03
1.293000000000000000e+03
1.302000000000000000e+03
1.311000000000000000e+03
1.320000000000000000e+03
1.329000000000000000e+03
1.338000000000000000e+03
1.347000000000000000e+03
1.356000000000000000e+03
1.365000000000000000e+03
1.374000000000000000e+03
1.383000000000000000e+03
1.392000000000000000e+03
1.401000000000000000e+03
1.410000000000000000e+03
1.419000000000000000e+03
1.428000000000000000e+03
1.437000000000000000e+03
1.446000000000000000e+03
1.455000000000000000e+03
1.464000000000000000e+03
1.473000000000000000e+03
1.490000000000000000e+03
1.507000000000000000e+03
1.524000000000000000e+03
1.541000000000000000e+03
1.558000000000000000e+03
1.575000000000000000e+03
1.592000000000000000e+03
1.609000000000000000e+03
1.626000000000000000e+03
1.643000000000000000e+03
1.660000000000000000e+03
1.677000000000000000e+03
1.694000000000000000e+03
1.711000000000000000e+03
1.728000000000000000e+03
1.745000000000000000e+03
1.762000000000000000e+03
1.779000000000000000e+03
1.796000000000000000e+03
1.813000000000000000e+03
1.830000000000000000e+03
1.847000000000000000e+03
1.864000000000000000e+03
1.881000000000000000e+03
1.898000000000000000e+03
1.915000000000000000e+03
1.932000000000000000e+03
1.949000000000000000e+03
1.966000000000000000e+03
1.983000000000000000e+03
2.016000000000000000e+03
2.049000000000000000e+03
2.082000000000000000e+03
2.115000000000000000e+03
2.148000000000000000e+03
2.181000000000000000e+03
2.214000000000000000e+03
2.247000000000000000e+03
2.280000000000000000e+03
2.313000000000000000e+03
2.346000000000000000e+03
2.379000000000000000e+03
2.412000000000000000e+03
2.445000000000000000e+03
2.478000000000000000e+03
2.483000000000000000e+03
2.488000000000000000e+03
2.493000000000000000e+03
2.498000000000000000e+03
2.503000000000000000e+03
2.508000000000000000e+03
2.513000000000000000e+03
2.518000000000000000e+03
2.523000000000000000e+03
2.528000000000000000e+03
2.533000000000000000e+03
2.538000000000000000e+03
2.543000000000000000e+03
2.548000000000000000e+03
2.557000000000000000e+03
2.566000000000000000e+03
2.575000000000000000e+03
2.584000000000000000e+03
2.593000000000000000e+03
2.602000000000000000e+03
2.611000000000000000e+03
2.620000000000000000e+03
2.629000000000000000e+03
2.638000000000000000e+03
2.647000000000000000e+03
2.656000000000000000e+03
2.665000000000000000e+03
2.674000000000000000e+03
2.683000000000000000e+03
2.692000000000000000e+03
2.701000000000000000e+03
2.710000000000000000e+03
2.719000000000000000e+03
2.728000000000000000e+03
2.737000000000000000e+03
2.746000000000000000e+03
2.755000000000000000e+03
2.764000000000000000e+03
2.773000000000000000e+03
2.782000000000000000e+03
2.791000000000000000e+03
2.800000000000000000e+03
2.809000000000000000e+03
2.818000000000000000e+03
2.827000000000000000e+03
2.836000000000000000e+03
2.845000000000000000e+03
2.854000000000000000e+03
2.863000000000000000e+03
2.872000000000000000e+03
2.881000000000000000e+03
2.890000000000000000e+03
2.899000000000000000e+03
2.908000000000000000e+03
2.917000000000000000e+03
2.926000000000000000e+03
2.935000000000000000e+03
2.944000000000000000e+03
2.953000000000000000e+03
2.962000000000000000e+03
2.971000000000000000e+03
2.980000000000000000e+03
2.989000000000000000e+03
2.998000000000000000e+03
3.007000000000000000e+03
3.016000000000000000e+03
3.025000000000000000e+03
3.034000000000000000e+03
3.043000000000000000e+03
3.052000000000000000e+03
3.061000000000000000e+03
3.070000000000000000e+03
3.079000000000000000e+03
3.088000000000000000e+03
3.097000000000000000e+03
3.106000000000000000e+03
3.115000000000000000e+03
3.124000000000000000e+03
3.133000000000000000e+03
3.142000000000000000e+03
3.151000000000000000e+03
3.160000000000000000e+03
3.169000000000000000e+03
3.178000000000000000e+03
3.187000000000000000e+03
3.196000000000000000e+03
3.205000000000000000e+03
3.214000000000000000e+03
3.223000000000000000e+03
3.232000000000000000e+03
3.241000000000000000e+03
3.250000000000000000e+03
3.259000000000000000e+03
3.268000000000000000e+03
3.277000000000000000e+03
3.286000000000000000e+03
3.295000000000000000e+03
3.304000000000000000e+03
3.313000000000000000e+03
3.322000000000000000e+03
3.331000000000000000e+03
3.340000000000000000e+03
3.349000000000000000e+03
3.358000000000000000e+03
3.367000000000000000e+03
3.376000000000000000e+03
3.385000000000000000e+03
3.394000000000000000e+03
3.403000000000000000e+03
3.412000000000000000e+03
3.421000000000000000e+03
3.430000000000000000e+03
3.439000000000000000e+03
3.448000000000000000e+03
3.457000000000000000e+03
3.466000000000000000e+03
3.475000000000000000e+03
3.484000000000000000e+03
3.493000000000000000e+03
3.502000000000000000e+03
3.511000000000000000e+03
3.520000000000000000e+03
3.529000000000000000e+03
3.538000000000000000e+03
3.547000000000000000e+03
3.556000000000000000e+03
3.565000000000000000e+03
3.574000000000000000e+03
3.583000000000000000e+03
3.592000000000000000e+03
3.601000000000000000e+03
3.610000000000000000e+03
3.619000000000000000e+03
3.628000000000000000e+03
3.637000000000000000e+03
3.646000000000000000e+03
3.655000000000000000e+03
3.664000000000000000e+03
3.673000000000000000e+03
3.682000000000000000e+03
3.691000000000000000e+03
3.700000000000000000e+03
3.709000000000000000e+03
3.718000000000000000e+03
3.727000000000000000e+03
3.736000000000000000e+03
3.745000000000000000e+03
3.754000000000000000e+03
3.763000000000000000e+03
3.772000000000000000e+03
3.781000000000000000e+03
3.790000000000000000e+03
3.799000000000000000e+03
3.808000000000000000e+03
3.817000000000000000e+03
3.826000000000000000e+03
3.835000000000000000e+03
3.844000000000000000e+03
3.853000000000000000e+03
3.862000000000000000e+03
3.871000000000000000e+03
3.880000000000000000e+03
3.889000000000000000e+03
3.898000000000000000e+03
3.907000000000000000e+03
3.916000000000000000e+03
3.925000000000000000e+03
3.934000000000000000e+03
3.943000000000000000e+03
3.952000000000000000e+03
3.969000000000000000e+03
3.986000000000000000e+03
4.003000000000000000e+03
4.020000000000000000e+03
4.037000000000000000e+03
4.054000000000000000e+03
4.071000000000000000e+03
4.088000000000000000e+03
4.105000000000000000e+03
4.122000000000000000e+03
4.139000000000000000e+03
4.156000000000000000e+03
4.173000000000000000e+03
4.190000000000000000e+03
4.207000000000000000e+03
4.224000000000000000e+03
4.241000000000000000e+03
4.258000000000000000e+03
4.275000000000000000e+03
4.292000000000000000e+03
4.309000000000000000e+03
4.326000000000000000e+03
4.343000000000000000e+03
4.360000000000000000e+03
4.377000000000000000e+03
4.394000000000000000e+03
4.411000000000000000e+03
4.428000000000000000e+03
4.445000000000000000e+03
4.462000000000000000e+03
4.495000000000000000e+03
4.528000000000000000e+03
4.561000000000000000e+03
4.594000000000000000e+03
4.627000000000000000e+03
4.660000000000000000e+03
4.693000000000000000e+03
4.726000000000000000e+03
4.759000000000000000e+03
4.792000000000000000e+03
4.825000000000000000e+03
4.858000000000000000e+03
4.891000000000000000e+03
4.924000000000000000e+03
4.957000000000000000e+03
4.962000000000000000e+03
4.967000000000000000e+03
4.972000000000000000e+03
4.977000000000000000e+03
4.982000000000000000e+03
4.987000000000000000e+03
4.992000000000000000e+03
4.997000000000000000e+03
5.002000000000000000e+03
5.007000000000000000e+03
5.012000000000000000e+03
5.017000000000000000e+03
5.022000000000000000e+03
5.027000000000000000e+03
5.036000000000000000e+03
5.045000000000000000e+03
5.054000000000000000e+03
5.063000000000000000e+03
5.072000000000000000e+03
5.081000000000000000e+03
5.090000000000000000e+03
5.099000000000000000e+03
5.108000000000000000e+03
5.117000000000000000e+03
5.126000000000000000e+03
5.135000000000000000e+03
5.144000000000000000e+03
5.153000000000000000e+03
5.162000000000000000e+03
5.171000000000000000e+03
5.180000000000000000e+03
5.189000000000000000e+03
5.198000000000000000e+03
5.207000000000000000e+03
5.216000000000000000e+03
5.225000000000000000e+03
5.234000000000000000e+03
5.243000000000000000e+03
5.252000000000000000e+03
5.261000000000000000e+03
5.270000000000000000e+03
5.279000000000000000e+03
5.288000000000000000e+03
5.297000000000000000e+03
5.306000000000000000e+03
5.315000000000000000e+03
5.324000000000000000e+03
5.333000000000000000e+03
5.342000000000000000e+03
5.351000000000000000e+03
5.360000000000000000e+03
5.369000000000000000e+03
5.378000000000000000e+03
5.387000000000000000e+03
5.396000000000000000e+03
5.405000000000000000e+03
5.414000000000000000e+03
5.423000000000000000e+03
5.432000000000000000e+03
5.441000000000000000e+03
5.450000000000000000e+03
5.459000000000000000e+03
5.468000000000000000e+03
5.477000000000000000e+03
5.486000000000000000e+03
5.495000000000000000e+03
5.504000000000000000e+03
5.513000000000000000e+03
5.522000000000000000e+03
5.531000000000000000e+03
5.540000000000000000e+03
5.549000000000000000e+03
5.558000000000000000e+03
5.567000000000000000e+03
5.576000000000000000e+03
5.585000000000000000e+03
5.594000000000000000e+03
5.603000000000000000e+03
5.612000000000000000e+03
5.621000000000000000e+03
5.630000000000000000e+03
5.639000000000000000e+03
5.648000000000000000e+03
5.657000000000000000e+03
5.666000000000000000e+03
5.675000000000000000e+03
5.684000000000000000e+03
5.693000000000000000e+03
5.702000000000000000e+03
5.711000000000000000e+03
5.720000000000000000e+03
5.729000000000000000e+03
5.738000000000000000e+03
5.747000000000000000e+03
5.756000000000000000e+03
5.765000000000000000e+03
5.774000000000000000e+03
5.783000000000000000e+03
5.792000000000000000e+03
5.801000000000000000e+03
5.810000000000000000e+03
5.819000000000000000e+03
5.828000000000000000e+03
5.837000000000000000e+03
5.846000000000000000e+03
5.855000000000000000e+03
5.864000000000000000e+03
5.873000000000000000e+03
5.882000000000000000e+03
5.891000000000000000e+03
5.900000000000000000e+03
5.909000000000000000e+03
5.918000000000000000e+03
5.927000000000000000e+03
5.936000000000000000e+03
5.945000000000000000e+03
5.954000000000000000e+03
5.963000000000000000e+03
5.972000000000000000e+03
5.981000000000000000e+03
5.990000000000000000e+03
5.999000000000000000e+03
6.008000000000000000e+03
6.017000000000000000e+03
6.026000000000000000e+03
6.035000000000000000e+03
6.044000000000000000e+03
6.053000000000000000e+03
6.062000000000000000e+03
6.071000000000000000e+03
6.080000000000000000e+03
6.089000000000000000e+03
6.098000000000000000e+03
6.107000000000000000e+03
6.116000000000000000e+03
6.125000000000000000e+03
6.134000000000000000e+03
6.143000000000000000e+03
6.152000000000000000e+03
6.161000000000000000e+03
6.170000000000000000e+03
6.179000000000000000e+03
6.188000000000000000e+03
6.197000000000000000e+03
6.206000000000000000e+03
6.215000000000000000e+03
6.224000000000000000e+03
6.233000000000000000e+03
6.242000000000000000e+03
6.251000000000000000e+03
6.260000000000000000e+03
6.269000000000000000e+03
6.278000000000000000e+03
6.287000000000000000e+03
6.296000000000000000e+03
6.305000000000000000e+03
6.314000000000000000e+03
6.323000000000000000e+03
6.332000000000000000e+03
6.341000000000000000e+03
6.350000000000000000e+03
6.359000000000000000e+03
6.368000000000000000e+03
6.377000000000000000e+03
6.386000000000000000e+03
6.395000000000000000e+03
6.404000000000000000e+03
6.413000000000000000e+03
6.422000000000000000e+03
6.431000000000000000e+03
6.448000000000000000e+03
6.465000000000000000e+03
6.482000000000000000e+03
6.499000000000000000e+03
6.516000000000000000e+03
6.533000000000000000e+03
6.550000000000000000e+03
6.567000000000000000e+03
6.584000000000000000e+03
6.601000000000000000e+03
6.618000000000000000e+03
6.635000000000000000e+03
6.652000000000000000e+03
6.669000000000000000e+03
6.686000000000000000e+03
6.703000000000000000e+03
6.720000000000000000e+03
6.737000000000000000e+03
6.754000000000000000e+03
6.771000000000000000e+03
6.788000000000000000e+03
6.805000000000000000e+03
6.822000000000000000e+03
6.839000000000000000e+03
6.856000000000000000e+03
6.873000000000000000e+03
6.890000000000000000e+03
6.907000000000000000e+03
6.924000000000000000e+03
6.941000000000000000e+03
6.974000000000000000e+03
7.007000000000000000e+03
7.040000000000000000e+03
7.073000000000000000e+03
7.106000000000000000e+03
7.139000000000000000e+03
7.172000000000000000e+03
7.205000000000000000e+03
7.238000000000000000e+03
7.271000000000000000e+03
7.304000000000000000e+03
7.337000000000000000e+03
7.370000000000000000e+03
7.403000000000000000e+03
7.436000000000000000e+03
