0.000000000000000000e+00
5.000000000000000000e+00
1.000000000000000000e+01
1.500000000000000000e+01
2.000000000000000000e+01
2.500000000000000000e+01
3.000000000000000000e+01
3.500000000000000000e+01
4.000000000000000000e+01
4.500000000000000000e+01
5.000000000000000000e+01
5.500000000000000000e+01
6.000000000000000000e+01
6.500000000000000000e+01
7.000000000000000000e+01
7.900000000000000000e+01
8.800000000000000000e+01
9.700000000000000000e+01
1.060000000000000000e+02
1.150000000000000000e+02
1.240000000000000000e+02
1.330000000000000000e+02
1.420000000000000000e+02
1.510000000000000000e+02
1.600000000000000000e+02
1.690000000000000000e+02
1.780000000000000000e+02
1.870000000000000000e+02
1.960000000000000000e+02
2.050000000000000000e+02
2.140000000000000000e+02
2.230000000000000000e+02
2.320000000000000000e+02
2.410000000000000000e+02
2.500000000000000000e+02
2.590000000000000000e+02
2.680000000000000000e+02
2.770000000000000000e+02
2.860000000000000000e+02
2.950000000000000000e+02
3.040000000000000000e+02
3.130000000000000000e+02
3.220000000000000000e+02
3.310000000000000000e+02
3.400000000000000000e+02
3.490000000000000000e+02
3.580000000000000000e+02
3.670000000000000000e+02
3.760000000000000000e+02
3.850000000000000000e+02
3.940000000000000000e+02
4.030000000000000000e+02
4.120000000000000000e+02
4.210000000000000000e+02
4.300000000000000000e+02
4.390000000000000000e+02
4.480000000000000000e+02
4.570000000000000000e+02
4.660000000000000000e+02
4.750000000000000000e+02
4.840000000000000000e+02
4.930000000000000000e+02
5.020000000000000000e+02
5.110000000000000000e+02
5.200000000000000000e+02
5.290000000000000000e+02
5.380000000000000000e+02
5.470000000000000000e+02
5.560000000000000000e+02
5.650000000000000000e+02
5.740000000000000000e+02
5.830000000000000000e+02
5.920000000000000000e+02
6.010000000000000000e+02
6.100000000000000000e+02
6.190000000000000000e+02
6.280000000000000000e+02
6.370000000000000000e+02
6.460000000000000000e+02
6.550000000000000000e+02
6.640000000000000000e+02
6.730000000000000000e+02
6.820000000000000000e+02
6.910000000000000000e+02
7.000000000000000000e+02
7.090000000000000000e+02
7.180000000000000000e+02
7.270000000000000000e+02
7.360000000000000000e+02
7.450000000000000000e+02
7.540000000000000000e+02
7.630000000000000000e+02
7.720000000000000000e+02
7.810000000000000000e+02
7.900000000000000000e+02
7.990000000000000000e+02
8.080000000000000000e+02
8.170000000000000000e+02
8.260000000000000000e+02
8.350000000000000000e+02
8.440000000000000000e+02
8.530000000000000000e+02
8.620000000000000000e+02
8.710000000000000000e+02
8.800000000000000000e+02
8.890000000000000000e+02
8.980000000000000000e+02
9.070000000000000000e+02
9.160000000000000000e+02
9.250000000000000000e+02
9.340000000000000000e+02
9.430000000000000000e+02
9.520000000000000000e+02
9.610000000000000000e+02
9.700000000000000000e+02
9.790000000000000000e+02
9.880000000000000000e+02
9.970000000000000000e+02
1.006000000000000000e+03
1.015000000000000000e+03
1.024000000000000000e+03
1.033000000000000000e+03
1.042000000000000000e+03
1.051000000000000000e+03
1.060000000000000000e+03
1.069000000000000000e+03
1.078000000000000000e+03
1.087000000000000000e+03
1.096000000000000000e+03
1.105000000000000000e+03
1.114000000000000000e+03
1.123000000000000000e+03
1.132000000000000000e+03
1.141000000000000000e+03
1.150000000000000000e+03
1.159000000000000000e+03
1.168000000000000000e+03
1.177000000000000000e+03
1.186000000000000000e+03
1.195000000000000000e+03
1.204000000000000000e+03
1.213000000000000000e+03
1.222000000000000000e+03
1.231000000000000000e+03
1.240000000000000000e+03
1.249000000000000000e+03
1.258000000000000000e+03
1.267000000000000000e+03
1.276000000000000000e+03
1.285000000000000000e+03
1.294000000000000000e+03
1.303000000000000000e+03
1.312000000000000000e+03
1.321000000000000000e+03
1.330000000000000000e+03
1.339000000000000000e+03
1.348000000000000000e+03
1.357000000000000000e+03
1.366000000000000000e+03
1.375000000000000000e+03
1.384000000000000000e+03
1.393000000000000000e+03
1.402000000000000000e+03
1.411000000000000000e+03
1.420000000000000000e+03
1.429000000000000000e+03
1.438000000000000000e+03
1.447000000000000000e+03
1.456000000000000000e+03
1.465000000000000000e+03
1.474000000000000000e+03
1.491000000000000000e+03
1.508000000000000000e+03
1.525000000000000000e+03
1.542000000000000000e+03
1.559000000000000000e+03
1.576000000000000000e+03
1.593000000000000000e+03
1.610000000000000000e+03
1.627000000000000000e+03
1.644000000000000000e+03
1.661000000000000000e+03
1.678000000000000000e+03
1.695000000000000000e+03
1.712000000000000000e+03
1.729000000000000000e+03
1.746000000000000000e+03
1.763000000000000000e+03
1.780000000000000000e+03
1.797000000000000000e+03
1.814000000000000000e+03
1.831000000000000000e+03
1.848000000000000000e+03
1.865000000000000000e+03
1.882000000000000000e+03
1.899000000000000000e+03
1.916000000000000000e+03
1.933000000000000000e+03
1.950000000000000000e+03
1.967000000000000000e+03
1.984000000000000000e+03
2.017000000000000000e+03
2.050000000000000000e+03
2.083000000000000000e+03
2.116000000000000000e+03
2.149000000000000000e+03
2.182000000000000000e+03
2.215000000000000000e+03
2.248000000000000000e+03
2.281000000000000000e+03
2.314000000000000000e+03
2.347000000000000000e+03
2.380000000000000000e+03
2.413000000000000000e+03
2.446000000000000000e+03
2.479000000000000000e+03
2.484000000000000000e+03
2.489000000000000000e+03
2.494000000000000000e+03
2.499000000000000000e+03
2.504000000000000000e+03
2.509000000000000000e+03
2.514000000000000000e+03
2.519000000000000000e+03
2.524000000000000000e+03
2.529000000000000000e+03
2.534000000000000000e+03
2.539000000000000000e+03
2.544000000000000000e+03
2.549000000000000000e+03
2.558000000000000000e+03
2.567000000000000000e+03
2.576000000000000000e+03
2.585000000000000000e+03
2.594000000000000000e+03
2.603000000000000000e+03
2.612000000000000000e+03
2.621000000000000000e+03
2.630000000000000000e+03
2.639000000000000000e+03
2.648000000000000000e+03
2.657000000000000000e+03
2.666000000000000000e+03
2.675000000000000000e+03
2.684000000000000000e+03
2.693000000000000000e+03
2.702000000000000000e+03
2.711000000000000000e+03
2.720000000000000000e+03
2.729000000000000000e+03
2.738000000000000000e+03
2.747000000000000000e+03
2.756000000000000000e+03
2.765000000000000000e+03
2.774000000000000000e+03
2.783000000000000000e+03
2.792000000000000000e+03
2.801000000000000000e+03
2.810000000000000000e+03
2.819000000000000000e+03
2.828000000000000000e+03
2.837000000000000000e+03
2.846000000000000000e+03
2.855000000000000000e+03
2.864000000000000000e+03
2.873000000000000000e+03
2.882000000000000000e+03
2.891000000000000000e+03
2.900000000000000000e+03
2.909000000000000000e+03
2.918000000000000000e+03
2.927000000000000000e+03
2.936000000000000000e+03
2.945000000000000000e+03
2.954000000000000000e+03
2.963000000000000000e+03
2.972000000000000000e+03
2.981000000000000000e+03
2.990000000000000000e+03
2.999000000000000000e+03
3.008000000000000000e+03
3.017000000000000000e+03
3.026000000000000000e+03
3.035000000000000000e+03
3.044000000000000000e+03
3.053000000000000000e+03
3.062000000000000000e+03
3.071000000000000000e+03
3.080000000000000000e+03
3.089000000000000000e+03
3.098000000000000000e+03
3.107000000000000000e+03
3.116000000000000000e+03
3.125000000000000000e+03
3.134000000000000000e+03
3.143000000000000000e+03
3.152000000000000000e+03
3.161000000000000000e+03
3.170000000000000000e+03
3.179000000000000000e+03
3.188000000000000000e+03
3.197000000000000000e+03
3.206000000000000000e+03
3.215000000000000000e+03
3.224000000000000000e+03
3.233000000000000000e+03
3.242000000000000000e+03
3.251000000000000000e+03
3.260000000000000000e+03
3.269000000000000000e+03
3.278000000000000000e+03
3.287000000000000000e+03
3.296000000000000000e+03
3.305000000000000000e+03
3.314000000000000000e+03
3.323000000000000000e+03
3.332000000000000000e+03
3.341000000000000000e+03
3.350000000000000000e+03
3.359000000000000000e+03
3.368000000000000000e+03
3.377000000000000000e+03
3.386000000000000000e+03
3.395000000000000000e+03
3.404000000000000000e+03
3.413000000000000000e+03
3.422000000000000000e+03
3.431000000000000000e+03
3.440000000000000000e+03
3.449000000000000000e+03
3.458000000000000000e+03
3.467000000000000000e+03
3.476000000000000000e+03
3.485000000000000000e+03
3.494000000000000000e+03
3.503000000000000000e+03
3.512000000000000000e+03
3.521000000000000000e+03
3.530000000000000000e+03
3.539000000000000000e+03
3.548000000000000000e+03
3.557000000000000000e+03
3.566000000000000000e+03
3.575000000000000000e+03
3.584000000000000000e+03
3.593000000000000000e+03
3.602000000000000000e+03
3.611000000000000000e+03
3.620000000000000000e+03
3.629000000000000000e+03
3.638000000000000000e+03
3.647000000000000000e+03
3.656000000000000000e+03
3.665000000000000000e+03
3.674000000000000000e+03
3.683000000000000000e+03
3.692000000000000000e+03
3.701000000000000000e+03
3.710000000000000000e+03
3.719000000000000000e+03
3.728000000000000000e+03
3.737000000000000000e+03
3.746000000000000000e+03
3.755000000000000000e+03
3.764000000000000000e+03
3.773000000000000000e+03
3.782000000000000000e+03
3.791000000000000000e+03
3.800000000000000000e+03
3.809000000000000000e+03
3.818000000000000000e+03
3.827000000000000000e+03
3.836000000000000000e+03
3.845000000000000000e+03
3.854000000000000000e+03
3.863000000000000000e+03
3.872000000000000000e+03
3.881000000000000000e+03
3.890000000000000000e+03
3.899000000000000000e+03
3.908000000000000000e+03
3.917000000000000000e+03
3.926000000000000000e+03
3.935000000000000000e+03
3.944000000000000000e+03
3.953000000000000000e+03
3.970000000000000000e+03
3.987000000000000000e+03
4.004000000000000000e+03
4.021000000000000000e+03
4.038000000000000000e+03
4.055000000000000000e+03
4.072000000000000000e+03
4.089000000000000000e+03
4.106000000000000000e+03
4.123000000000000000e+03
4.140000000000000000e+03
4.157000000000000000e+03
4.174000000000000000e+03
4.191000000000000000e+03
4.208000000000000000e+03
4.225000000000000000e+03
4.242000000000000000e+03
4.259000000000000000e+03
4.276000000000000000e+03
4.293000000000000000e+03
4.310000000000000000e+03
4.327000000000000000e+03
4.344000000000000000e+03
4.361000000000000000e+03
4.378000000000000000e+03
4.395000000000000000e+03
4.412000000000000000e+03
4.429000000000000000e+03
4.446000000000000000e+03
4.463000000000000000e+03
4.496000000000000000e+03
4.529000000000000000e+03
4.562000000000000000e+03
4.595000000000000000e+03
4.628000000000000000e+03
4.661000000000000000e+03
4.694000000000000000e+03
4.727000000000000000e+03
4.760000000000000000e+03
4.793000000000000000e+03
4.826000000000000000e+03
4.859000000000000000e+03
4.892000000000000000e+03
4.925000000000000000e+03
4.958000000000000000e+03
4.963000000000000000e+03
4.968000000000000000e+03
4.973000000000000000e+03
4.978000000000000000e+03
4.983000000000000000e+03
4.988000000000000000e+03
4.993000000000000000e+03
4.998000000000000000e+03
5.003000000000000000e+03
5.008000000000000000e+03
5.013000000000000000e+03
5.018000000000000000e+03
5.023000000000000000e+03
5.028000000000000000e+03
5.037000000000000000e+03
5.046000000000000000e+03
5.055000000000000000e+03
5.064000000000000000e+03
5.073000000000000000e+03
5.082000000000000000e+03
5.091000000000000000e+03
5.100000000000000000e+03
5.109000000000000000e+03
5.118000000000000000e+03
5.127000000000000000e+03
5.136000000000000000e+03
5.145000000000000000e+03
5.154000000000000000e+03
5.163000000000000000e+03
5.172000000000000000e+03
5.181000000000000000e+03
5.190000000000000000e+03
5.199000000000000000e+03
5.208000000000000000e+03
5.217000000000000000e+03
5.226000000000000000e+03
5.235000000000000000e+03
5.244000000000000000e+03
5.253000000000000000e+03
5.262000000000000000e+03
5.271000000000000000e+03
5.280000000000000000e+03
5.289000000000000000e+03
5.298000000000000000e+03
5.307000000000000000e+03
5.316000000000000000e+03
5.325000000000000000e+03
5.334000000000000000e+03
5.343000000000000000e+03
5.352000000000000000e+03
5.361000000000000000e+03
5.370000000000000000e+03
5.379000000000000000e+03
5.388000000000000000e+03
5.397000000000000000e+03
5.406000000000000000e+03
5.415000000000000000e+03
5.424000000000000000e+03
5.433000000000000000e+03
5.442000000000000000e+03
5.451000000000000000e+03
5.460000000000000000e+03
5.469000000000000000e+03
5.478000000000000000e+03
5.487000000000000000e+03
5.496000000000000000e+03
5.505000000000000000e+03
5.514000000000000000e+03
5.523000000000000000e+03
5.532000000000000000e+03
5.541000000000000000e+03
5.550000000000000000e+03
5.559000000000000000e+03
5.568000000000000000e+03
5.577000000000000000e+03
5.586000000000000000e+03
5.595000000000000000e+03
5.604000000000000000e+03
5.613000000000000000e+03
5.622000000000000000e+03
5.631000000000000000e+03
5.640000000000000000e+03
5.649000000000000000e+03
5.658000000000000000e+03
5.667000000000000000e+03
5.676000000000000000e+03
5.685000000000000000e+03
5.694000000000000000e+03
5.703000000000000000e+03
5.712000000000000000e+03
5.721000000000000000e+03
5.730000000000000000e+03
5.739000000000000000e+03
5.748000000000000000e+03
5.757000000000000000e+03
5.766000000000000000e+03
5.775000000000000000e+03
5.784000000000000000e+03
5.793000000000000000e+03
5.802000000000000000e+03
5.811000000000000000e+03
5.820000000000000000e+03
5.829000000000000000e+03
5.838000000000000000e+03
5.847000000000000000e+03
5.856000000000000000e+03
5.865000000000000000e+03
5.874000000000000000e+03
5.883000000000000000e+03
5.892000000000000000e+03
5.901000000000000000e+03
5.910000000000000000e+03
5.919000000000000000e+03
5.928000000000000000e+03
5.937000000000000000e+03
5.946000000000000000e+03
5.955000000000000000e+03
5.964000000000000000e+03
5.973000000000000000e+03
5.982000000000000000e+03
5.991000000000000000e+03
6.000000000000000000e+03
6.009000000000000000e+03
6.018000000000000000e+03
6.027000000000000000e+03
6.036000000000000000e+03
6.045000000000000000e+03
6.054000000000000000e+03
6.063000000000000000e+03
6.072000000000000000e+03
6.081000000000000000e+03
6.090000000000000000e+03
6.099000000000000000e+03
6.108000000000000000e+03
6.117000000000000000e+03
6.126000000000000000e+03
6.135000000000000000e+03
6.144000000000000000e+03
6.153000000000000000e+03
6.162000000000000000e+03
6.171000000000000000e+03
6.180000000000000000e+03
6.189000000000000000e+03
6.198000000000000000e+03
6.207000000000000000e+03
6.216000000000000000e+03
6.225000000000000000e+03
6.234000000000000000e+03
6.243000000000000000e+03
6.252000000000000000e+03
6.261000000000000000e+03
6.270000000000000000e+03
6.279000000000000000e+03
6.288000000000000000e+03
6.297000000000000000e+03
6.306000000000000000e+03
6.315000000000000000e+03
6.324000000000000000e+03
6.333000000000000000e+03
6.342000000000000000e+03
6.351000000000000000e+03
6.360000000000000000e+03
6.369000000000000000e+03
6.378000000000000000e+03
6.387000000000000000e+03
6.396000000000000000e+03
6.405000000000000000e+03
6.414000000000000000e+03
6.423000000000000000e+03
6.432000000000000000e+03
6.449000000000000000e+03
6.466000000000000000e+03
6.483000000000000000e+03
6.500000000000000000e+03
6.517000000000000000e+03
6.534000000000000000e+03
6.551000000000000000e+03
6.568000000000000000e+03
6.585000000000000000e+03
6.602000000000000000e+03
6.619000000000000000e+03
6.636000000000000000e+03
6.653000000000000000e+03
6.670000000000000000e+03
6.687000000000000000e+03
6.704000000000000000e+03
6.721000000000000000e+03
6.738000000000000000e+03
6.755000000000000000e+03
6.772000000000000000e+03
6.789000000000000000e+03
6.806000000000000000e+03
6.823000000000000000e+03
6.840000000000000000e+03
6.857000000000000000e+03
6.874000000000000000e+03
6.891000000000000000e+03
6.908000000000000000e+03
6.925000000000000000e+03
6.942000000000000000e+03
6.975000000000000000e+03
7.008000000000000000e+03
7.041000000000000000e+03
7.074000000000000000e+03
7.107000000000000000e+03
7.140000000000000000e+03
7.173000000000000000e+03
7.206000000000000000e+03
7.239000000000000000e+03
7.272000000000000000e+03
7.305000000000000000e+03
7.338000000000000000e+03
7.371000000000000000e+03
7.404000000000000000e+03
