1.000000000000000082e-05
1.122018454301963009e-05
1.258925411794166114e-05
1.412537544622755495e-05
1.584893192461114123e-05
1.778279410038922901e-05
1.995262314968878622e-05
2.238721138568337924e-05
2.511886431509582188e-05
2.818382931264454874e-05
3.162277660168379530e-05
3.548133892335753357e-05
3.981071705534969458e-05
4.466835921509634821e-05
5.011872336272725140e-05
5.623413251903490700e-05
6.309573444801929300e-05
7.079457843841373125e-05
7.943282347242822084e-05
8.912509381337458780e-05
1.000000000000000048e-04
1.059253725177288624e-04
1.122018454301963009e-04
1.188502227437018897e-04
1.258925411794167436e-04
1.333521432163323954e-04
1.412537544622754072e-04
1.496235656094432745e-04
1.584893192461114190e-04
1.678804018122560739e-04
1.778279410038922698e-04
1.883649089489800217e-04
1.995262314968878758e-04
2.113489039836647623e-04
2.238721138568339957e-04
2.371373705661655382e-04
2.511886431509579545e-04
2.660725059798808335e-04
2.818382931264455009e-04
2.985382618917960034e-04
3.162277660168379394e-04
3.349654391578275642e-04
3.548133892335753221e-04
3.758374042884443157e-04
3.981071705534973523e-04
4.216965034285822373e-04
4.466835921509630485e-04
4.731512589614802946e-04
5.011872336272725275e-04
5.308844442309884962e-04
5.623413251903490971e-04
5.956621435290103492e-04
6.309573444801929842e-04
6.683439175686149009e-04
7.079457843841380172e-04
7.498942093324558562e-04
7.943282347242813140e-04
8.413951416451946955e-04
8.912509381337459322e-04
9.440608762859235272e-04
1.000000000000000021e-03
1.039122303835169009e-03
1.079775162327709266e-03
1.122018454301963036e-03
1.165914401179832293e-03
1.211527658628588954e-03
1.258925411794167490e-03
1.308177474260194262e-03
1.359356390878525443e-03
1.412537544622753964e-03
1.467799267622069137e-03
1.525222956539018255e-03
1.584893192461114082e-03
1.646897865482868780e-03
1.711328304161781073e-03
1.778279410038922752e-03
1.847849797422290675e-03
1.920141938638801008e-03
1.995262314968878920e-03
2.073321573485953969e-03
2.154434690031884272e-03
2.238721138568339902e-03
2.326305067153626276e-03
2.417315480804103738e-03
2.511886431509579437e-03
2.610157215682535736e-03
2.712272579332029778e-03
2.818382931264454792e-03
2.928644564625237402e-03
3.043219887107722135e-03
3.162277660168379394e-03
3.285993247600654029e-03
3.414548873833600853e-03
3.548133892335753221e-03
3.686945064519573344e-03
3.831186849557288981e-03
3.981071705534973415e-03
4.136820402388507317e-03
4.298662347082276951e-03
4.466835921509630485e-03
4.641588833612777208e-03
4.823178482239309263e-03
5.011872336272724625e-03
5.207948328595464645e-03
5.411695265464637472e-03
5.623413251903490971e-03
5.843414133735174744e-03
6.072021956909884159e-03
6.309573444801930275e-03
6.556418494179785256e-03
6.812920690579615281e-03
7.079457843841380389e-03
7.356422544596413586e-03
7.644222742526001618e-03
7.943282347242813790e-03
8.254041852680181826e-03
8.576958985908945607e-03
8.912509381337458889e-03
9.261187281287937972e-03
9.623506263980887918e-03
1.000000000000000021e-02
1.029200527194428123e-02
1.059253725177288635e-02
1.090184492385127928e-02
1.122018454301963557e-02
1.154781984689458134e-02
1.188502227437018312e-02
1.223207119049931312e-02
1.258925411794167490e-02
1.295686697517019551e-02
1.333521432163324062e-02
1.372460961007561896e-02
1.412537544622754007e-02
1.453784385607662100e-02
1.496235656094433569e-02
1.539926526059491943e-02
1.584893192461113431e-02
1.631172909227837989e-02
1.678804018122560804e-02
1.727825980507863637e-02
1.778279410038922925e-02
1.830206106311055986e-02
1.883649089489800033e-02
1.938652635952207645e-02
1.995262314968879874e-02
2.053525026457145991e-02
2.113489039836646474e-02
2.175204034019522295e-02
2.238721138568339902e-02
2.304092976055845815e-02
2.371373705661655382e-02
2.440619068041980158e-02
2.511886431509579437e-02
2.585234839562191439e-02
2.660725059798809897e-02
2.738419634264361441e-02
2.818382931264453578e-02
2.900681198693152996e-02
2.985382618917960251e-02
3.072557365267446911e-02
3.162277660168379134e-02
3.254617834980460395e-02
3.349654391578275880e-02
3.447466065731494278e-02
3.548133892335755130e-02
3.651741272548376938e-02
3.758374042884442962e-02
3.868120546330520992e-02
3.981071705534973415e-02
4.097321098135415368e-02
4.216965034285822395e-02
4.340102636447440432e-02
4.466835921509629964e-02
4.597269885308722520e-02
4.731512589614805114e-02
4.869675251658631132e-02
5.011872336272724798e-02
5.158221650723055635e-02
5.308844442309884615e-02
5.463865498818542416e-02
5.623413251903491145e-02
5.787619883491208761e-02
5.956621435290103406e-02
6.130557921498208662e-02
6.309573444801933051e-02
6.493816315762113156e-02
6.683439175686148315e-02
6.878599123088074974e-02
7.079457843841380216e-02
7.286181745132278009e-02
7.498942093324557912e-02
7.717915155850127440e-02
7.943282347242813790e-02
8.175230379436501660e-02
8.413951416451952159e-02
8.659643233600652912e-02
8.912509381337459236e-02
9.172759353897794177e-02
9.440608762859235836e-02
9.716279515771063247e-02
1.000000000000000056e-01
1.023292992280754182e-01
1.047128548050899610e-01
1.071519305237606523e-01
1.096478196143185063e-01
1.122018454301963591e-01
1.148153621496882937e-01
1.174897554939529770e-01
1.202264434617412864e-01
1.230268770812381479e-01
1.258925411794167282e-01
1.288249551693133876e-01
1.318256738556407015e-01
1.348962882591653589e-01
1.380384264602884936e-01
1.412537544622754493e-01
1.445439770745927666e-01
1.479108388168207666e-01
1.513561248436207929e-01
1.548816618912481069e-01
1.584893192461113431e-01
1.621810097358929725e-01
1.659586907437560488e-01
1.698243652461744191e-01
1.737800828749375415e-01
1.778279410038922925e-01
1.819700858609983596e-01
1.862087136662867459e-01
1.905460717963247397e-01
1.949844599758045471e-01
1.995262314968879735e-01
2.041737944669529681e-01
2.089296130854039757e-01
2.137962089502232488e-01
2.187761623949552869e-01
2.238721138568340041e-01
2.290867652767772933e-01
2.344228815319921999e-01
2.398832919019490417e-01
2.454708915685030468e-01
2.511886431509580131e-01
2.570395782768863935e-01
2.630267991895381408e-01
2.691534803926915465e-01
2.754228703338166273e-01
2.818382931264453717e-01
2.884031503126605611e-01
2.951209226666385299e-01
3.019951720402015982e-01
3.090295432513590623e-01
3.162277660168379412e-01
3.235936569296282705e-01
3.311311214825911065e-01
3.388441561392025458e-01
3.467368504525316641e-01
3.548133892335754713e-01
3.630780547701014105e-01
3.715352290971725702e-01
3.801893963205611460e-01
3.890451449942805562e-01
3.981071705534972027e-01
4.073802778041127337e-01
4.168693834703354195e-01
4.265795188015926720e-01
4.365158322401659907e-01
4.466835921509631491e-01
4.570881896148750734e-01
4.677351412871982306e-01
4.786300923226384230e-01
4.897788193684462499e-01
5.011872336272723549e-01
5.128613839913648276e-01
5.248074602497725394e-01
5.370317963702526676e-01
5.495408738576245122e-01
5.623413251903490728e-01
5.754399373371569260e-01
5.888436553555890240e-01
6.025595860743577781e-01
6.165950018614821948e-01
6.309573444801933606e-01
6.456542290346556356e-01
6.606934480075961069e-01
6.760829753919819218e-01
6.918309709189364165e-01
7.079457843841379105e-01
7.244359600749900041e-01
7.413102413009174940e-01
7.585775750291837705e-01
7.762471166286917246e-01
7.943282347242814900e-01
8.128305161640992926e-01
8.317637711026710789e-01
8.511380382023765456e-01
8.709635899560808081e-01
8.912509381337456738e-01
9.120108393559096527e-01
9.332543007969910098e-01
9.549925860214358853e-01
9.772372209558106704e-01
1.000000000000000000e+00
1.019373485938872781e+00
1.039122303835169125e+00
1.059253725177288885e+00
1.079775162327709648e+00
1.100694171252209586e+00
1.122018454301963342e+00
1.143755863049538357e+00
1.165914401179831694e+00
1.188502227437018499e+00
1.211527658628588355e+00
1.234999172687584856e+00
1.258925411794167282e+00
1.283315185557651006e+00
1.308177474260194151e+00
1.333521432163323972e+00
1.359356390878525556e+00
1.385691862803127616e+00
1.412537544622754382e+00
1.439903320881632975e+00
1.467799267622069470e+00
1.496235656094433430e+00
1.525222956539018959e+00
1.554771842041173580e+00
1.584893192461113598e+00
1.615598098439874120e+00
1.646897865482868539e+00
1.678804018122560304e+00
1.711328304161780833e+00
1.744482698999253900e+00
1.778279410038922759e+00
1.812730881184698717e+00
1.847849797422290941e+00
1.883649089489800588e+00
1.920141938638801671e+00
1.957341781487660359e+00
1.995262314968879513e+00
2.033917501372291881e+00
2.073321573485955138e+00
2.113489039836646821e+00
2.154434690031883814e+00
2.196173600205435950e+00
2.238721138568339430e+00
2.282092971067450460e+00
2.326305067153625838e+00
2.371373705661655062e+00
2.417315480804103522e+00
2.464147308281281479e+00
2.511886431509580131e+00
2.560550427970476051e+00
2.610157215682536780e+00
2.660725059798809689e+00
2.712272579332028144e+00
2.764818754010107238e+00
2.818382931264453717e+00
2.872984833353664502e+00
2.928644564625236590e+00
2.985382618917959530e+00
3.043219887107721622e+00
3.102177664799500967e+00
3.162277660168379523e+00
3.223542001952462766e+00
3.285993247600654144e+00
3.349654391578276602e+00
3.414548873833601395e+00
3.480700588428410569e+00
3.548133892335755046e+00
3.616873614408159465e+00
3.686945064519575155e+00
3.758374042884441213e+00
3.831186849557287832e+00
3.905410294116379966e+00
3.981071705534972249e+00
4.058198942243797624e+00
4.136820402388507567e+00
4.216965034285822256e+00
4.298662347082276902e+00
4.381942421619436701e+00
4.466835921509631824e+00
4.553374104426249680e+00
4.641588833612778409e+00
4.731512589614805364e+00
4.823178482239306675e+00
4.916620262745643011e+00
5.011872336272721995e+00
5.108969774506928019e+00
5.207948328595463749e+00
5.308844442309883505e+00
5.411695265464635973e+00
5.516538667595580314e+00
5.623413251903491172e+00
5.732358369467712933e+00
5.843414133735175042e+00
5.956621435290104571e+00
6.072021956909884999e+00
6.189658188912605219e+00
6.309573444801933384e+00
6.431811877215087847e+00
6.556418494179788503e+00
6.683439175686145539e+00
6.812920690579613137e+00
6.944910713781212053e+00
7.079457843841378661e+00
7.216611620833881524e+00
7.356422544596413537e+00
7.498942093324558300e+00
7.644222742526001646e+00
7.792317984341940118e+00
7.943282347242815788e+00
8.097171416105618746e+00
8.254041852680183311e+00
8.413951416451949328e+00
8.576958985908941457e+00
8.743124580220735353e+00
8.912509381337454073e+00
9.085175756516868262e+00
9.261187281287934780e+00
9.440608762859232783e+00
9.623506263980884157e+00
9.809947127268774381e+00
